data = [264 29 0;5728 29 0;11208 34 0;16720 29 0;22224 34 0;27736 29 0;33240 34 0;38744 29 0;44256 34 0;49760 34 0;55264 34 0;60776 34 0;66280 34 0;71792 34 0;77296 29 0;82800 34 0;88304 34 0;93808 34 0;99312 29 0;104824 29 0;110352 29 0;115896 34 0;121432 34 0;126968 34 0;132504 34 0;138040 34 0;143576 34 0;149104 34 0;154644 34 0;160176 34 0;165712 34 0;171248 39 0;176784 29 0;182328 34 0;187864 34 0;193400 34 0;198936 34 0;204472 39 0;210016 29 0;215544 34 0;221080 39 0;226616 29 0;232144 29 0;237688 34 0;243216 34 0;248752 34 0;254288 34 0;259824 34 0;265360 39 0;270896 34 0;276432 29 0;281968 29 0;287496 39 0;293032 29 0;298560 34 0;304096 39 0;309632 29 0;315168 29 0;320704 39 0;326240 34 0;331776 34 0;337312 34 0;342840 34 0;348376 34 0;353904 34 0;359444 34 0;364976 29 0;370512 34 0;376048 29 0;381576 34 0;387116 39 0;392648 34 0;398184 34 0;403720 39 0;409256 29 0;414800 29 0;420328 39 0;425864 29 0;431400 34 0;436928 34 0;442464 34 0;447992 34 0;453528 34 0;459064 34 0;464600 39 0;470136 34 0;475664 29 0;481192 34 0;486728 34 0;492264 39 0;497808 34 0;503336 34 0;508872 34 0;514408 34 0;519944 34 0;525480 34 0;531016 39 0;536552 34 0;542088 34 0;547616 34 0;553152 34 0;558680 29 0;564208 39 0;569744 34 0;575280 29 0;580816 39 0;586352 34 0;591892 34 0;597424 34 0;602960 34 0;608496 29 0;614024 34 0;619564 34 0;625096 34 0;630632 34 0;636168 34 0;641704 29 0;647248 34 0;652784 34 0;658320 39 0;663856 39 0;669392 34 0;674928 29 0;680456 39 0;685992 34 0;691528 29 0;697056 34 0;702592 34 0;708128 39 0;713664 34 0;719200 34 0;724736 29 0;730280 39 0;735816 34 0;741352 34 0;746888 34 0;752424 39 0;757960 29 0;763488 34 0;769024 34 0;774560 39 0;780096 39 0;785632 34 0;791168 34 0;796708 39 0;802240 34 0;807776 29 0;813312 39 0;818848 34 0;824384 34 0;829920 34 0;835456 34 0;840992 29 0;846520 34 0;852056 34 0;857592 34 0;863128 34 0;868664 34 0;874200 39 0;879736 34 0;885264 34 0;890800 34 0;896336 34 0;901872 39 0;907408 29 0;912936 39 0;918472 34 0;924008 29 0;929544 34 0;935080 34 0;940608 29 0;946136 34 0;951672 34 0;957208 29 0;962744 39 0;968280 34 0;973816 34 0;979352 39 0;984888 29 0;990424 34 0;995952 39 0;1001492 34 0;1007048 29 0;1012600 39 0;1018160 34 0;1023712 34 0;1029272 29 0;1034824 34 0;1040376 34 0;1045936 34 0;1051488 34 0;1057048 34 0;1062600 39 0;1068160 34 0;1073712 34 0;1079264 29 0;1084824 34 0;1090376 34 0;1095936 29 0;1101488 29 0;1107048 34 0;1112600 34 0;1118152 34 0;1123712 39 0;1129264 39 0;1134824 39 0;1140376 34 0;1145936 34 0;1151488 34 0;1157040 34 0;1162600 39 0;1168152 34 0;1173712 34 0;1179264 39 0;1184824 39 0;1190376 34 0;1195928 29 0;1201488 34 0;1207040 34 0;1212600 39 0;1218152 34 0;1223708 29 0;1229264 39 0;1234816 34 0;1240376 34 0;1245928 29 0;1251496 34 0;1257048 34 0;1262608 29 0;1268160 34 0;1273712 29 0;1279272 34 0;1284824 34 0;1290384 34 0;1295936 29 0;1301488 34 0;1307048 34 0;1312600 39 0;1318160 29 0;1323712 34 0;1329272 39 0;1334824 34 0;1340376 34 0;1345936 34 0;1351488 34 0;1357048 34 0;1362600 29 0;1368160 34 0;1373712 39 0;1379264 34 0;1384824 34 0;1390376 34 0;1395936 39 0;1401488 39 0;1407048 34 0;1412600 29 0;1418152 34 0;1423712 39 0;1429264 34 0;1434824 34 0;1440376 34 0;1445932 39 0;1451488 39 0;1457040 34 0;1462600 34 0;1468152 34 0;1473712 39 0;1479264 34 0;1484820 34 0;1490376 34 0;1495928 34 0;1501488 39 0;1507040 29 0;1512600 39 0;1518152 34 0;1523704 39 0;1529264 34 0;1534816 29 0;1540376 34 0;1545928 34 0;1551488 34 0;1557040 29 0;1562592 34 0;1568152 34 0;1573704 34 0;1579264 39 0;1584816 34 0;1590376 39 0;1595928 34 0;1601480 29 0;1607040 29 0;1612592 39 0;1618152 39 0;1623704 34 0;1629264 39 0;1634816 39 0;1640368 34 0;1645928 34 0;1651480 34 0;1657040 34 0;1662592 39 0;1668152 34 0;1673704 34 0;1679256 34 0;1684816 34 0;1690368 34 0;1695928 34 0;1701480 29 0;1707036 34 0;1712592 39 0;1718144 34 0;1723704 34 0;1729256 34 0;1734816 39 0;1740368 34 0;1745928 29 0;1751480 34 0;1757032 34 0;1762592 39 0;1768144 29 0;1773704 34 0;1779256 34 0;1784808 39 0;1790368 34 0;1795920 29 0;1801480 34 0;1807032 34 0;1812592 39 0;1818144 34 0;1823696 29 0;1829256 39 0;1834808 34 0;1840368 34 0;1845920 34 0;1851480 34 0;1857032 34 0;1862584 34 0;1868144 29 0;1873696 39 0;1879256 34 0;1884808 34 0;1890368 34 0;1895920 29 0;1901472 39 0;1907032 34 0;1912584 34 0;1918144 29 0;1923696 39 0;1929252 34 0;1934808 34 0;1940360 34 0;1945920 39 0;1951472 39 0;1957032 34 0;1962584 34 0;1968140 39 0;1973696 39 0;1979248 34 0;1984808 34 0;1990360 39 0;1995920 39 0;2001472 34 0;2007024 29 0;2012584 34 0;2018136 34 0;2023696 34 0;2029248 34 0;2034808 34 0;2040360 34 0;2045912 34 0;2051472 34 0;2057024 34 0;2062584 34 0;2068136 39 0;2073696 39 0;2079248 34 0;2084800 34 0;2090360 34 0;2095912 34 0;2101472 34 0;2107024 34 0;2112584 34 0;2118136 34 0;2123688 39 0;2129248 29 0;2134800 39 0;2140360 39 0;2145912 34 0;2151468 34 0;2157024 34 0;2162576 34 0;2168136 34 0;2173688 34 0;2179248 34 0;2184800 34 0;2190356 39 0;2195912 34 0;2201464 34 0;2207024 29 0;2212576 34 0;2218136 34 0;2223688 29 0;2229240 29 0;2234800 34 0;2240352 34 0;2245912 34 0;2251464 34 0;2257024 34 0;2262576 39 0;2268128 29 0;2273688 29 0;2279240 34 0;2284800 39 0;2290352 39 0;2295912 34 0;2301464 34 0;2307016 39 0;2312576 39 0;2318128 34 0;2323688 29 0;2329240 34 0;2334800 34 0;2340352 29 0;2345904 34 0;2351464 34 0;2357016 34 0;2362576 34 0;2368128 34 0;2373688 29 0;2379240 34 0;2384792 34 0;2390352 39 0;2395904 29 0;2401464 39 0;2407016 34 0;2412572 34 0;2418128 39 0;2423680 29 0;2429240 34 0;2434792 29 0;2440360 29 0;2445912 34 0;2451468 34 0;2457024 34 0;2462576 34 0;2468136 34 0;2473688 39 0;2479248 34 0;2484800 34 0;2490352 34 0;2495912 39 0;2501464 34 0;2507024 34 0;2512576 34 0;2518136 34 0;2523688 34 0;2529240 34 0;2534800 34 0;2540352 34 0;2545912 34 0;2551464 39 0;2557024 34 0;2562576 34 0;2568128 34 0;2573688 39 0;2579240 34 0;2584800 34 0;2590352 39 0;2595912 34 0;2601464 29 0;2607016 34 0;2612576 39 0;2618128 34 0;2623688 39 0;2629240 34 0;2634800 29 0;2640352 39 0;2645904 39 0;2651464 29 0;2657016 29 0;2662576 34 0;2668128 39 0;2673684 39 0;2679240 34 0;2684792 34 0;2690352 34 0;2695904 34 0;2701464 39 0;2707016 34 0;2712568 34 0;2718128 34 0;2723680 39 0;2729240 29 0;2734792 39 0;2740352 34 0;2745904 34 0;2751456 34 0;2757016 34 0;2762568 39 0;2768128 34 0;2773680 34 0;2779240 29 0;2784792 39 0;2790344 39 0;2795904 34 0;2801456 39 0;2807016 29 0;2812568 39 0;2818128 34 0;2823680 34 0;2829232 34 0;2834792 39 0;2840344 39 0;2845904 34 0;2851456 39 0;2857016 39 0;2862568 39 0;2868120 34 0;2873680 29 0;2879232 34 0;2884792 39 0;2890344 39 0;2895900 34 0;2901456 34 0;2907008 34 0;2912568 39 0;2918120 34 0;2923688 29 0;2929240 34 0;2934796 34 0;2940352 34 0;2945904 34 0;2951464 34 0;2957016 34 0;2962576 34 0;2968128 34 0;2973680 34 0;2979240 34 0;2984792 34 0;2990352 34 0;2995904 29 0;3001464 39 0;3007016 34 0;3012568 39 0;3018128 34 0;3023680 29 0;3029240 34 0;3034792 34 0;3040352 34 0;3045904 34 0;3051456 34 0;3057016 34 0;3062568 39 0;3068128 34 0;3073680 34 0;3079240 34 0;3084792 34 0;3090344 34 0;3095904 39 0;3101456 34 0;3107016 34 0;3112568 34 0;3118124 34 0;3123680 34 0;3129232 34 0;3134792 29 0;3140344 29 0;3145904 39 0;3151456 39 0;3157012 34 0;3162568 34 0;3168120 34 0;3173680 39 0;3179232 34 0;3184792 34 0;3190344 34 0;3195896 34 0;3201456 39 0;3207008 34 0;3212568 34 0;3218120 34 0;3223680 39 0;3229232 34 0;3234784 39 0;3240344 34 0;3245896 34 0;3251456 39 0;3257008 34 0;3262568 39 0;3268120 34 0;3273672 39 0;3279232 34 0;3284784 34 0;3290344 39 0;3295896 34 0;3301456 29 0;3307008 34 0;3312560 34 0;3318120 34 0;3323672 34 0;3329232 34 0;3334784 39 0;3340344 34 0;3345896 34 0;3351448 39 0;3357008 34 0;3362560 39 0;3368120 39 0;3373672 34 0;3379228 34 0;3384784 34 0;3390336 39 0;3395896 29 0;3401448 34 0;3407008 29 0;3412560 39 0;3418112 34 0;3423672 34 0;3429224 34 0;3434784 39 0;3440336 34 0;3445896 34 0;3451448 34 0;3457000 34 0;3462560 34 0;3468112 34 0;3473672 34 0;3479224 39 0;3484784 39 0;3490336 34 0;